# Approximate road distances in km
0 3.2 2.8 2.5 1.4 0 0 2.0 0 0
3.2 0 2.5 3.0 1.8 0 0 0 2.1 0
2.8 2.5 0 2.6 0 1.9 0 0 0 0
2.5 3.0 2.6 0 1.5 1.2 0 2.3 1.9 0
1.4 1.8 0 1.5 0 0 0 1.3 1.8 0
0 0 1.9 1.2 0 0 2.1 0 0 1.6
0 0 0 0 0 2.1 0 1.8 0 1.9
2.0 0 0 2.3 1.3 0 1.8 0 1.6 0
0 2.1 0 1.9 1.8 0 0 1.6 0 1.5
0 0 0 0 0 1.6 1.9 0 1.5 0
